//MODE0 BAND0
R9F 0A
RD0 00 00 00 00 00 00 00
RD1 00 00
RD2 00 00 03 FF 07 FF 0F FF 17 FF 1F FF
RD3 00 00 00 00 00 00 00 00 00 00 00 00 00 00 00 00 00 00 00 00 00 00 00 00 00 00 00 00 00 00 00 00 00 00 00 00 00 00 00 00 00
RD4 00 00 00 00 00 00 00 00 00 00 00 00 00 00 00 00 00 00 00 00 00 00 00 00 00 00 00 00 00 00 00 00 00 00 00 00 00 00 00 00 00
RD5 00 00 00 00 00 00 00 00 00 00 00 00 00 00 00 00 00 00 00 00 00 00 00 00 00 00 00 00 00 00 00 00 00 00 00 00 00 00 00 00 00
RD6 00 00 00 00 00 00 00 00 00 00 00 00 00 00 00 00 00 00 00 00 00 00 00 00 00 00 00
RD7 00 00 00 00 00 00 00 00 00 00 00 00 00 00 00 00 00 00 00 00 00 00 00 00 00 00 00
RD8 00 00 00 00 00 00 00 00 00 00 00 00 00 00 00 00 00 00 00 00 00 00 00 00 00 00 00
RD9 00 00 00 00 00 00 00 00 00 00 00 00 00 00 00 00 00 00 00 00 00 00 00 00 00 00 00
RDD 00 00 00 00 00 00 00 00 00 00 00 00 00 00 00 00 00 00 00 00 00 00 00 00 00 00 00
RDE 00 00 00 00 00 00 00 00 00 00 00 00 00 00 00 00 00 00 00 00 00 00 00 00 00 00 00
RDF 00 00 00 00 00 00 00 00 00 00 00 00 00 00 00 00 00 00 00 00 00 00 00 00 00 00 00
RE0 00 00 00 00 00 00 00 00 00 00 00 00 00 00 00 00 00 00 00 00 00 00 00 00 00 00 00
RE1 00 00 00 00 00 00 00 00 00 00 00 00 00 00 00 00 00 00 00 00 00 00 00 00 00 00 00
RE2 00 00 00 00 00 00 00 00 00 00 00 00 00 00 00 00 00 00
RE3 00 00 00 00 00 00 00 00 00 00 00 00 00 00 00 00 00 00
RE4 00 00 00 00 00 00 00 00 00 00 00 00 00 00 00 00 00 00
RE5 00 00 00 00 00 00 00 00 00 00 00 00 00 00 00 00 00 00
RE6 00 00 00 00 00 00 00 00 00 00 00 00 00 00 00 00 00 00
RE7 00 00 00 00 00 00 00 00 00 00 00 00 00 00 00 00 00 00
RE8 00 00 00 00 00 00 00 00 00 00 00 00 00 00 00 00 00 00
RE9 00 00 00 00 00 00 00 00 00 00 00 00 00 00 00 00 00 00
REA 00 00 00 00 00 00 00 00 00 00 00 00 00 00 00 00 00 00
REB 00 00 00 00 00 00 00 00 00 00 00 00
REC 00 00 00 00 00 00 00 00 00 00 00 00
RED 00 00 00 00 00 00 00 00 00 00 00 00
//MODE0 BAND1
R9F 0A
RD0 00 00 00 00 00 00 00
RD1 00 01
RD2 00 00 03 FF 07 FF 0F FF 17 FF 1F FF
RD3 00 00 00 00 00 00 00 00 00 00 00 00 00 00 00 00 00 00 00 00 00 00 00 00 00 00 00 00 00 00 00 00 00 00 00 00 00 00 00 00 00
RD4 00 00 00 00 00 00 00 00 00 00 00 00 00 00 00 00 00 00 00 00 00 00 00 00 00 00 00 00 00 00 00 00 00 00 00 00 00 00 00 00 00
RD5 00 00 00 00 00 00 00 00 00 00 00 00 00 00 00 00 00 00 00 00 00 00 00 00 00 00 00 00 00 00 00 00 00 00 00 00 00 00 00 00 00
RD6 00 00 00 00 00 00 00 00 00 00 00 00 00 00 00 00 00 00 00 00 00 00 00 00 00 00 00
RD7 00 00 00 00 00 00 00 00 00 00 00 00 00 00 00 00 00 00 00 00 00 00 00 00 00 00 00
RD8 00 00 00 00 00 00 00 00 00 00 00 00 00 00 00 00 00 00 00 00 00 00 00 00 00 00 00
RD9 00 00 00 00 00 00 00 00 00 00 00 00 00 00 00 00 00 00 00 00 00 00 00 00 00 00 00
RDD 00 00 00 00 00 00 00 00 00 00 00 00 00 00 00 00 00 00 00 00 00 00 00 00 00 00 00
RDE 00 00 00 00 00 00 00 00 00 00 00 00 00 00 00 00 00 00 00 00 00 00 00 00 00 00 00
RDF 00 00 00 00 00 00 00 00 00 00 00 00 00 00 00 00 00 00 00 00 00 00 00 00 00 00 00
RE0 00 00 00 00 00 00 00 00 00 00 00 00 00 00 00 00 00 00 00 00 00 00 00 00 00 00 00
RE1 00 00 00 00 00 00 00 00 00 00 00 00 00 00 00 00 00 00 00 00 00 00 00 00 00 00 00
RE2 00 00 00 00 00 00 00 00 00 00 00 00 00 00 00 00 00 00
RE3 00 00 00 00 00 00 00 00 00 00 00 00 00 00 00 00 00 00
RE4 00 00 00 00 00 00 00 00 00 00 00 00 00 00 00 00 00 00
RE5 00 00 00 00 00 00 00 00 00 00 00 00 00 00 00 00 00 00
RE6 00 00 00 00 00 00 00 00 00 00 00 00 00 00 00 00 00 00
RE7 00 00 00 00 00 00 00 00 00 00 00 00 00 00 00 00 00 00
RE8 00 00 00 00 00 00 00 00 00 00 00 00 00 00 00 00 00 00
RE9 00 00 00 00 00 00 00 00 00 00 00 00 00 00 00 00 00 00
REA 00 00 00 00 00 00 00 00 00 00 00 00 00 00 00 00 00 00
REB 00 00 00 00 00 00 00 00 00 00 00 00
REC 00 00 00 00 00 00 00 00 00 00 00 00
RED 00 00 00 00 00 00 00 00 00 00 00 00
//MODE0 BAND2
R9F 0A
RD0 00 00 00 00 00 00 00
RD1 00 02
RD2 00 00 03 FF 07 FF 0F FF 17 FF 1F FF
RD3 00 00 00 00 00 00 00 00 00 00 00 00 00 00 00 00 00 00 00 00 00 00 00 00 00 00 00 00 00 00 00 00 00 00 00 00 00 00 00 00 00
RD4 00 00 00 00 00 00 00 00 00 00 00 00 00 00 00 00 00 00 00 00 00 00 00 00 00 00 00 00 00 00 00 00 00 00 00 00 00 00 00 00 00
RD5 00 00 00 00 00 00 00 00 00 00 00 00 00 00 00 00 00 00 00 00 00 00 00 00 00 00 00 00 00 00 00 00 00 00 00 00 00 00 00 00 00
RD6 00 00 00 00 00 00 00 00 00 00 00 00 00 00 00 00 00 00 00 00 00 00 00 00 00 00 00
RD7 00 00 00 00 00 00 00 00 00 00 00 00 00 00 00 00 00 00 00 00 00 00 00 00 00 00 00
RD8 00 00 00 00 00 00 00 00 00 00 00 00 00 00 00 00 00 00 00 00 00 00 00 00 00 00 00
RD9 00 00 00 00 00 00 00 00 00 00 00 00 00 00 00 00 00 00 00 00 00 00 00 00 00 00 00
RDD 00 00 00 00 00 00 00 00 00 00 00 00 00 00 00 00 00 00 00 00 00 00 00 00 00 00 00
RDE 00 00 00 00 00 00 00 00 00 00 00 00 00 00 00 00 00 00 00 00 00 00 00 00 00 00 00
RDF 00 00 00 00 00 00 00 00 00 00 00 00 00 00 00 00 00 00 00 00 00 00 00 00 00 00 00
RE0 00 00 00 00 00 00 00 00 00 00 00 00 00 00 00 00 00 00 00 00 00 00 00 00 00 00 00
RE1 00 00 00 00 00 00 00 00 00 00 00 00 00 00 00 00 00 00 00 00 00 00 00 00 00 00 00
RE2 00 00 00 00 00 00 00 00 00 00 00 00 00 00 00 00 00 00
RE3 00 00 00 00 00 00 00 00 00 00 00 00 00 00 00 00 00 00
RE4 00 00 00 00 00 00 00 00 00 00 00 00 00 00 00 00 00 00
RE5 00 00 00 00 00 00 00 00 00 00 00 00 00 00 00 00 00 00
RE6 00 00 00 00 00 00 00 00 00 00 00 00 00 00 00 00 00 00
RE7 00 00 00 00 00 00 00 00 00 00 00 00 00 00 00 00 00 00
RE8 00 00 00 00 00 00 00 00 00 00 00 00 00 00 00 00 00 00
RE9 00 00 00 00 00 00 00 00 00 00 00 00 00 00 00 00 00 00
REA 00 00 00 00 00 00 00 00 00 00 00 00 00 00 00 00 00 00
REB 00 00 00 00 00 00 00 00 00 00 00 00
REC 00 00 00 00 00 00 00 00 00 00 00 00
RED 00 00 00 00 00 00 00 00 00 00 00 00
//MODE0 BAND3
R9F 0A
RD0 00 00 00 00 00 00 00
RD1 00 03
RD2 00 00 03 FF 07 FF 0F FF 17 FF 1F FF
RD3 00 00 00 00 00 00 00 00 00 00 00 00 00 00 00 00 00 00 00 00 00 00 00 00 00 00 00 00 00 00 00 00 00 00 00 00 00 00 00 00 00
RD4 00 00 00 00 00 00 00 00 00 00 00 00 00 00 00 00 00 00 00 00 00 00 00 00 00 00 00 00 00 00 00 00 00 00 00 00 00 00 00 00 00
RD5 00 00 00 00 00 00 00 00 00 00 00 00 00 00 00 00 00 00 00 00 00 00 00 00 00 00 00 00 00 00 00 00 00 00 00 00 00 00 00 00 00
RD6 00 00 00 00 00 00 00 00 00 00 00 00 00 00 00 00 00 00 00 00 00 00 00 00 00 00 00
RD7 00 00 00 00 00 00 00 00 00 00 00 00 00 00 00 00 00 00 00 00 00 00 00 00 00 00 00
RD8 00 00 00 00 00 00 00 00 00 00 00 00 00 00 00 00 00 00 00 00 00 00 00 00 00 00 00
RD9 00 00 00 00 00 00 00 00 00 00 00 00 00 00 00 00 00 00 00 00 00 00 00 00 00 00 00
RDD 00 00 00 00 00 00 00 00 00 00 00 00 00 00 00 00 00 00 00 00 00 00 00 00 00 00 00
RDE 00 00 00 00 00 00 00 00 00 00 00 00 00 00 00 00 00 00 00 00 00 00 00 00 00 00 00
RDF 00 00 00 00 00 00 00 00 00 00 00 00 00 00 00 00 00 00 00 00 00 00 00 00 00 00 00
RE0 00 00 00 00 00 00 00 00 00 00 00 00 00 00 00 00 00 00 00 00 00 00 00 00 00 00 00
RE1 00 00 00 00 00 00 00 00 00 00 00 00 00 00 00 00 00 00 00 00 00 00 00 00 00 00 00
RE2 00 00 00 00 00 00 00 00 00 00 00 00 00 00 00 00 00 00
RE3 00 00 00 00 00 00 00 00 00 00 00 00 00 00 00 00 00 00
RE4 00 00 00 00 00 00 00 00 00 00 00 00 00 00 00 00 00 00
RE5 00 00 00 00 00 00 00 00 00 00 00 00 00 00 00 00 00 00
RE6 00 00 00 00 00 00 00 00 00 00 00 00 00 00 00 00 00 00
RE7 00 00 00 00 00 00 00 00 00 00 00 00 00 00 00 00 00 00
RE8 00 00 00 00 00 00 00 00 00 00 00 00 00 00 00 00 00 00
RE9 00 00 00 00 00 00 00 00 00 00 00 00 00 00 00 00 00 00
REA 00 00 00 00 00 00 00 00 00 00 00 00 00 00 00 00 00 00
REB 00 00 00 00 00 00 00 00 00 00 00 00
REC 00 00 00 00 00 00 00 00 00 00 00 00
RED 00 00 00 00 00 00 00 00 00 00 00 00
//MODE0 BAND4
R9F 0A
RD0 00 00 00 00 00 00 00
RD1 00 04
RD2 00 00 03 FF 07 FF 0F FF 17 FF 1F FF
RD3 00 00 00 00 00 00 00 00 00 00 00 00 00 00 00 00 00 00 00 00 00 00 00 00 00 00 00 00 00 00 00 00 00 00 00 00 00 00 00 00 00
RD4 00 00 00 00 00 00 00 00 00 00 00 00 00 00 00 00 00 00 00 00 00 00 00 00 00 00 00 00 00 00 00 00 00 00 00 00 00 00 00 00 00
RD5 00 00 00 00 00 00 00 00 00 00 00 00 00 00 00 00 00 00 00 00 00 00 00 00 00 00 00 00 00 00 00 00 00 00 00 00 00 00 00 00 00
RD6 00 00 00 00 00 00 00 00 00 00 00 00 00 00 00 00 00 00 00 00 00 00 00 00 00 00 00
RD7 00 00 00 00 00 00 00 00 00 00 00 00 00 00 00 00 00 00 00 00 00 00 00 00 00 00 00
RD8 00 00 00 00 00 00 00 00 00 00 00 00 00 00 00 00 00 00 00 00 00 00 00 00 00 00 00
RD9 00 00 00 00 00 00 00 00 00 00 00 00 00 00 00 00 00 00 00 00 00 00 00 00 00 00 00
RDD 00 00 00 00 00 00 00 00 00 00 00 00 00 00 00 00 00 00 00 00 00 00 00 00 00 00 00
RDE 00 00 00 00 00 00 00 00 00 00 00 00 00 00 00 00 00 00 00 00 00 00 00 00 00 00 00
RDF 00 00 00 00 00 00 00 00 00 00 00 00 00 00 00 00 00 00 00 00 00 00 00 00 00 00 00
RE0 00 00 00 00 00 00 00 00 00 00 00 00 00 00 00 00 00 00 00 00 00 00 00 00 00 00 00
RE1 00 00 00 00 00 00 00 00 00 00 00 00 00 00 00 00 00 00 00 00 00 00 00 00 00 00 00
RE2 00 00 00 00 00 00 00 00 00 00 00 00 00 00 00 00 00 00
RE3 00 00 00 00 00 00 00 00 00 00 00 00 00 00 00 00 00 00
RE4 00 00 00 00 00 00 00 00 00 00 00 00 00 00 00 00 00 00
RE5 00 00 00 00 00 00 00 00 00 00 00 00 00 00 00 00 00 00
RE6 00 00 00 00 00 00 00 00 00 00 00 00 00 00 00 00 00 00
RE7 00 00 00 00 00 00 00 00 00 00 00 00 00 00 00 00 00 00
RE8 00 00 00 00 00 00 00 00 00 00 00 00 00 00 00 00 00 00
RE9 00 00 00 00 00 00 00 00 00 00 00 00 00 00 00 00 00 00
REA 00 00 00 00 00 00 00 00 00 00 00 00 00 00 00 00 00 00
REB 00 00 00 00 00 00 00 00 00 00 00 00
REC 00 00 00 00 00 00 00 00 00 00 00 00
RED 00 00 00 00 00 00 00 00 00 00 00 00
//MODE0 BAND5
R9F 0A
RD0 00 00 00 00 00 00 00
RD1 00 05
RD2 00 00 03 FF 07 FF 0F FF 17 FF 1F FF
RD3 00 00 00 00 00 00 00 00 00 00 00 00 00 00 00 00 00 00 00 00 00 00 00 00 00 00 00 00 00 00 00 00 00 00 00 00 00 00 00 00 00
RD4 00 00 00 00 00 00 00 00 00 00 00 00 00 00 00 00 00 00 00 00 00 00 00 00 00 00 00 00 00 00 00 00 00 00 00 00 00 00 00 00 00
RD5 00 00 00 00 00 00 00 00 00 00 00 00 00 00 00 00 00 00 00 00 00 00 00 00 00 00 00 00 00 00 00 00 00 00 00 00 00 00 00 00 00
RD6 00 00 00 00 00 00 00 00 00 00 00 00 00 00 00 00 00 00 00 00 00 00 00 00 00 00 00
RD7 00 00 00 00 00 00 00 00 00 00 00 00 00 00 00 00 00 00 00 00 00 00 00 00 00 00 00
RD8 00 00 00 00 00 00 00 00 00 00 00 00 00 00 00 00 00 00 00 00 00 00 00 00 00 00 00
RD9 00 00 00 00 00 00 00 00 00 00 00 00 00 00 00 00 00 00 00 00 00 00 00 00 00 00 00
RDD 00 00 00 00 00 00 00 00 00 00 00 00 00 00 00 00 00 00 00 00 00 00 00 00 00 00 00
RDE 00 00 00 00 00 00 00 00 00 00 00 00 00 00 00 00 00 00 00 00 00 00 00 00 00 00 00
RDF 00 00 00 00 00 00 00 00 00 00 00 00 00 00 00 00 00 00 00 00 00 00 00 00 00 00 00
RE0 00 00 00 00 00 00 00 00 00 00 00 00 00 00 00 00 00 00 00 00 00 00 00 00 00 00 00
RE1 00 00 00 00 00 00 00 00 00 00 00 00 00 00 00 00 00 00 00 00 00 00 00 00 00 00 00
RE2 00 00 00 00 00 00 00 00 00 00 00 00 00 00 00 00 00 00
RE3 00 00 00 00 00 00 00 00 00 00 00 00 00 00 00 00 00 00
RE4 00 00 00 00 00 00 00 00 00 00 00 00 00 00 00 00 00 00
RE5 00 00 00 00 00 00 00 00 00 00 00 00 00 00 00 00 00 00
RE6 00 00 00 00 00 00 00 00 00 00 00 00 00 00 00 00 00 00
RE7 00 00 00 00 00 00 00 00 00 00 00 00 00 00 00 00 00 00
RE8 00 00 00 00 00 00 00 00 00 00 00 00 00 00 00 00 00 00
RE9 00 00 00 00 00 00 00 00 00 00 00 00 00 00 00 00 00 00
REA 00 00 00 00 00 00 00 00 00 00 00 00 00 00 00 00 00 00
REB 00 00 00 00 00 00 00 00 00 00 00 00
REC 00 00 00 00 00 00 00 00 00 00 00 00
RED 00 00 00 00 00 00 00 00 00 00 00 00
//MODE1 BAND0
R9F 0A
RD0 00 00 00 00 00 00 00
RD1 00 10
RD2 00 00 03 FF 07 FF 0F FF 17 FF 1F FF
RD3 00 00 00 00 00 00 00 00 00 00 00 00 00 00 00 00 00 00 00 00 00 00 00 00 00 00 00 00 00 00 00 00 00 00 00 00 00 00 00 00 00
RD4 00 00 00 00 00 00 00 00 00 00 00 00 00 00 00 00 00 00 00 00 00 00 00 00 00 00 00 00 00 00 00 00 00 00 00 00 00 00 00 00 00
RD5 00 00 00 00 00 00 00 00 00 00 00 00 00 00 00 00 00 00 00 00 00 00 00 00 00 00 00 00 00 00 00 00 00 00 00 00 00 00 00 00 00
RD6 00 00 00 00 00 00 00 00 00 00 00 00 00 00 00 00 00 00 00 00 00 00 00 00 00 00 00
RD7 00 00 00 00 00 00 00 00 00 00 00 00 00 00 00 00 00 00 00 00 00 00 00 00 00 00 00
RD8 00 00 00 00 00 00 00 00 00 00 00 00 00 00 00 00 00 00 00 00 00 00 00 00 00 00 00
RD9 00 00 00 00 00 00 00 00 00 00 00 00 00 00 00 00 00 00 00 00 00 00 00 00 00 00 00
RDD 00 00 00 00 00 00 00 00 00 00 00 00 00 00 00 00 00 00 00 00 00 00 00 00 00 00 00
RDE 00 00 00 00 00 00 00 00 00 00 00 00 00 00 00 00 00 00 00 00 00 00 00 00 00 00 00
RDF 00 00 00 00 00 00 00 00 00 00 00 00 00 00 00 00 00 00 00 00 00 00 00 00 00 00 00
RE0 00 00 00 00 00 00 00 00 00 00 00 00 00 00 00 00 00 00 00 00 00 00 00 00 00 00 00
RE1 00 00 00 00 00 00 00 00 00 00 00 00 00 00 00 00 00 00 00 00 00 00 00 00 00 00 00
RE2 00 00 00 00 00 00 00 00 00 00 00 00 00 00 00 00 00 00
RE3 00 00 00 00 00 00 00 00 00 00 00 00 00 00 00 00 00 00
RE4 00 00 00 00 00 00 00 00 00 00 00 00 00 00 00 00 00 00
RE5 00 00 00 00 00 00 00 00 00 00 00 00 00 00 00 00 00 00
RE6 00 00 00 00 00 00 00 00 00 00 00 00 00 00 00 00 00 00
RE7 00 00 00 00 00 00 00 00 00 00 00 00 00 00 00 00 00 00
RE8 00 00 00 00 00 00 00 00 00 00 00 00 00 00 00 00 00 00
RE9 00 00 00 00 00 00 00 00 00 00 00 00 00 00 00 00 00 00
REA 00 00 00 00 00 00 00 00 00 00 00 00 00 00 00 00 00 00
REB 00 00 00 00 00 00 00 00 00 00 00 00
REC 00 00 00 00 00 00 00 00 00 00 00 00
RED 00 00 00 00 00 00 00 00 00 00 00 00
//MODE1 BAND1
R9F 0A
RD0 00 00 00 00 00 00 00
RD1 00 11
RD2 00 00 03 FF 07 FF 0F FF 17 FF 1F FF
RD3 00 00 00 00 00 00 00 00 00 00 00 00 00 00 00 00 00 00 00 00 00 00 00 00 00 00 00 00 00 00 00 00 00 00 00 00 00 00 00 00 00
RD4 00 00 00 00 00 00 00 00 00 00 00 00 00 00 00 00 00 00 00 00 00 00 00 00 00 00 00 00 00 00 00 00 00 00 00 00 00 00 00 00 00
RD5 00 00 00 00 00 00 00 00 00 00 00 00 00 00 00 00 00 00 00 00 00 00 00 00 00 00 00 00 00 00 00 00 00 00 00 00 00 00 00 00 00
RD6 00 00 00 00 00 00 00 00 00 00 00 00 00 00 00 00 00 00 00 00 00 00 00 00 00 00 00
RD7 00 00 00 00 00 00 00 00 00 00 00 00 00 00 00 00 00 00 00 00 00 00 00 00 00 00 00
RD8 00 00 00 00 00 00 00 00 00 00 00 00 00 00 00 00 00 00 00 00 00 00 00 00 00 00 00
RD9 00 00 00 00 00 00 00 00 00 00 00 00 00 00 00 00 00 00 00 00 00 00 00 00 00 00 00
RDD 00 00 00 00 00 00 00 00 00 00 00 00 00 00 00 00 00 00 00 00 00 00 00 00 00 00 00
RDE 00 00 00 00 00 00 00 00 00 00 00 00 00 00 00 00 00 00 00 00 00 00 00 00 00 00 00
RDF 00 00 00 00 00 00 00 00 00 00 00 00 00 00 00 00 00 00 00 00 00 00 00 00 00 00 00
RE0 00 00 00 00 00 00 00 00 00 00 00 00 00 00 00 00 00 00 00 00 00 00 00 00 00 00 00
RE1 00 00 00 00 00 00 00 00 00 00 00 00 00 00 00 00 00 00 00 00 00 00 00 00 00 00 00
RE2 00 00 00 00 00 00 00 00 00 00 00 00 00 00 00 00 00 00
RE3 00 00 00 00 00 00 00 00 00 00 00 00 00 00 00 00 00 00
RE4 00 00 00 00 00 00 00 00 00 00 00 00 00 00 00 00 00 00
RE5 00 00 00 00 00 00 00 00 00 00 00 00 00 00 00 00 00 00
RE6 00 00 00 00 00 00 00 00 00 00 00 00 00 00 00 00 00 00
RE7 00 00 00 00 00 00 00 00 00 00 00 00 00 00 00 00 00 00
RE8 00 00 00 00 00 00 00 00 00 00 00 00 00 00 00 00 00 00
RE9 00 00 00 00 00 00 00 00 00 00 00 00 00 00 00 00 00 00
REA 00 00 00 00 00 00 00 00 00 00 00 00 00 00 00 00 00 00
REB 00 00 00 00 00 00 00 00 00 00 00 00
REC 00 00 00 00 00 00 00 00 00 00 00 00
RED 00 00 00 00 00 00 00 00 00 00 00 00
//MODE1 BAND2
R9F 0A
RD0 00 00 00 00 00 00 00
RD1 00 12
RD2 00 00 03 FF 07 FF 0F FF 17 FF 1F FF
RD3 00 00 00 00 00 00 00 00 00 00 00 00 00 00 00 00 00 00 00 00 00 00 00 00 00 00 00 00 00 00 00 00 00 00 00 00 00 00 00 00 00
RD4 00 00 00 00 00 00 00 00 00 00 00 00 00 00 00 00 00 00 00 00 00 00 00 00 00 00 00 00 00 00 00 00 00 00 00 00 00 00 00 00 00
RD5 00 00 00 00 00 00 00 00 00 00 00 00 00 00 00 00 00 00 00 00 00 00 00 00 00 00 00 00 00 00 00 00 00 00 00 00 00 00 00 00 00
RD6 00 00 00 00 00 00 00 00 00 00 00 00 00 00 00 00 00 00 00 00 00 00 00 00 00 00 00
RD7 00 00 00 00 00 00 00 00 00 00 00 00 00 00 00 00 00 00 00 00 00 00 00 00 00 00 00
RD8 00 00 00 00 00 00 00 00 00 00 00 00 00 00 00 00 00 00 00 00 00 00 00 00 00 00 00
RD9 00 00 00 00 00 00 00 00 00 00 00 00 00 00 00 00 00 00 00 00 00 00 00 00 00 00 00
RDD 00 00 00 00 00 00 00 00 00 00 00 00 00 00 00 00 00 00 00 00 00 00 00 00 00 00 00
RDE 00 00 00 00 00 00 00 00 00 00 00 00 00 00 00 00 00 00 00 00 00 00 00 00 00 00 00
RDF 00 00 00 00 00 00 00 00 00 00 00 00 00 00 00 00 00 00 00 00 00 00 00 00 00 00 00
RE0 00 00 00 00 00 00 00 00 00 00 00 00 00 00 00 00 00 00 00 00 00 00 00 00 00 00 00
RE1 00 00 00 00 00 00 00 00 00 00 00 00 00 00 00 00 00 00 00 00 00 00 00 00 00 00 00
RE2 00 00 00 00 00 00 00 00 00 00 00 00 00 00 00 00 00 00
RE3 00 00 00 00 00 00 00 00 00 00 00 00 00 00 00 00 00 00
RE4 00 00 00 00 00 00 00 00 00 00 00 00 00 00 00 00 00 00
RE5 00 00 00 00 00 00 00 00 00 00 00 00 00 00 00 00 00 00
RE6 00 00 00 00 00 00 00 00 00 00 00 00 00 00 00 00 00 00
RE7 00 00 00 00 00 00 00 00 00 00 00 00 00 00 00 00 00 00
RE8 00 00 00 00 00 00 00 00 00 00 00 00 00 00 00 00 00 00
RE9 00 00 00 00 00 00 00 00 00 00 00 00 00 00 00 00 00 00
REA 00 00 00 00 00 00 00 00 00 00 00 00 00 00 00 00 00 00
REB 00 00 00 00 00 00 00 00 00 00 00 00
REC 00 00 00 00 00 00 00 00 00 00 00 00
RED 00 00 00 00 00 00 00 00 00 00 00 00
//MODE1 BAND3
R9F 0A
RD0 00 00 00 00 00 00 00
RD1 00 13
RD2 00 00 03 FF 07 FF 0F FF 17 FF 1F FF
RD3 00 00 00 00 00 00 00 00 00 00 00 00 00 00 00 00 00 00 00 00 00 00 00 00 00 00 00 00 00 00 00 00 00 00 00 00 00 00 00 00 00
RD4 00 00 00 00 00 00 00 00 00 00 00 00 00 00 00 00 00 00 00 00 00 00 00 00 00 00 00 00 00 00 00 00 00 00 00 00 00 00 00 00 00
RD5 00 00 00 00 00 00 00 00 00 00 00 00 00 00 00 00 00 00 00 00 00 00 00 00 00 00 00 00 00 00 00 00 00 00 00 00 00 00 00 00 00
RD6 00 00 00 00 00 00 00 00 00 00 00 00 00 00 00 00 00 00 00 00 00 00 00 00 00 00 00
RD7 00 00 00 00 00 00 00 00 00 00 00 00 00 00 00 00 00 00 00 00 00 00 00 00 00 00 00
RD8 00 00 00 00 00 00 00 00 00 00 00 00 00 00 00 00 00 00 00 00 00 00 00 00 00 00 00
RD9 00 00 00 00 00 00 00 00 00 00 00 00 00 00 00 00 00 00 00 00 00 00 00 00 00 00 00
RDD 00 00 00 00 00 00 00 00 00 00 00 00 00 00 00 00 00 00 00 00 00 00 00 00 00 00 00
RDE 00 00 00 00 00 00 00 00 00 00 00 00 00 00 00 00 00 00 00 00 00 00 00 00 00 00 00
RDF 00 00 00 00 00 00 00 00 00 00 00 00 00 00 00 00 00 00 00 00 00 00 00 00 00 00 00
RE0 00 00 00 00 00 00 00 00 00 00 00 00 00 00 00 00 00 00 00 00 00 00 00 00 00 00 00
RE1 00 00 00 00 00 00 00 00 00 00 00 00 00 00 00 00 00 00 00 00 00 00 00 00 00 00 00
RE2 00 00 00 00 00 00 00 00 00 00 00 00 00 00 00 00 00 00
RE3 00 00 00 00 00 00 00 00 00 00 00 00 00 00 00 00 00 00
RE4 00 00 00 00 00 00 00 00 00 00 00 00 00 00 00 00 00 00
RE5 00 00 00 00 00 00 00 00 00 00 00 00 00 00 00 00 00 00
RE6 00 00 00 00 00 00 00 00 00 00 00 00 00 00 00 00 00 00
RE7 00 00 00 00 00 00 00 00 00 00 00 00 00 00 00 00 00 00
RE8 00 00 00 00 00 00 00 00 00 00 00 00 00 00 00 00 00 00
RE9 00 00 00 00 00 00 00 00 00 00 00 00 00 00 00 00 00 00
REA 00 00 00 00 00 00 00 00 00 00 00 00 00 00 00 00 00 00
REB 00 00 00 00 00 00 00 00 00 00 00 00
REC 00 00 00 00 00 00 00 00 00 00 00 00
RED 00 00 00 00 00 00 00 00 00 00 00 00
//MODE1 BAND4
R9F 0A
RD0 00 00 00 00 00 00 00
RD1 00 14
RD2 00 00 03 FF 07 FF 0F FF 17 FF 1F FF
RD3 00 00 00 00 00 00 00 00 00 00 00 00 00 00 00 00 00 00 00 00 00 00 00 00 00 00 00 00 00 00 00 00 00 00 00 00 00 00 00 00 00
RD4 00 00 00 00 00 00 00 00 00 00 00 00 00 00 00 00 00 00 00 00 00 00 00 00 00 00 00 00 00 00 00 00 00 00 00 00 00 00 00 00 00
RD5 00 00 00 00 00 00 00 00 00 00 00 00 00 00 00 00 00 00 00 00 00 00 00 00 00 00 00 00 00 00 00 00 00 00 00 00 00 00 00 00 00
RD6 00 00 00 00 00 00 00 00 00 00 00 00 00 00 00 00 00 00 00 00 00 00 00 00 00 00 00
RD7 00 00 00 00 00 00 00 00 00 00 00 00 00 00 00 00 00 00 00 00 00 00 00 00 00 00 00
RD8 00 00 00 00 00 00 00 00 00 00 00 00 00 00 00 00 00 00 00 00 00 00 00 00 00 00 00
RD9 00 00 00 00 00 00 00 00 00 00 00 00 00 00 00 00 00 00 00 00 00 00 00 00 00 00 00
RDD 00 00 00 00 00 00 00 00 00 00 00 00 00 00 00 00 00 00 00 00 00 00 00 00 00 00 00
RDE 00 00 00 00 00 00 00 00 00 00 00 00 00 00 00 00 00 00 00 00 00 00 00 00 00 00 00
RDF 00 00 00 00 00 00 00 00 00 00 00 00 00 00 00 00 00 00 00 00 00 00 00 00 00 00 00
RE0 00 00 00 00 00 00 00 00 00 00 00 00 00 00 00 00 00 00 00 00 00 00 00 00 00 00 00
RE1 00 00 00 00 00 00 00 00 00 00 00 00 00 00 00 00 00 00 00 00 00 00 00 00 00 00 00
RE2 00 00 00 00 00 00 00 00 00 00 00 00 00 00 00 00 00 00
RE3 00 00 00 00 00 00 00 00 00 00 00 00 00 00 00 00 00 00
RE4 00 00 00 00 00 00 00 00 00 00 00 00 00 00 00 00 00 00
RE5 00 00 00 00 00 00 00 00 00 00 00 00 00 00 00 00 00 00
RE6 00 00 00 00 00 00 00 00 00 00 00 00 00 00 00 00 00 00
RE7 00 00 00 00 00 00 00 00 00 00 00 00 00 00 00 00 00 00
RE8 00 00 00 00 00 00 00 00 00 00 00 00 00 00 00 00 00 00
RE9 00 00 00 00 00 00 00 00 00 00 00 00 00 00 00 00 00 00
REA 00 00 00 00 00 00 00 00 00 00 00 00 00 00 00 00 00 00
REB 00 00 00 00 00 00 00 00 00 00 00 00
REC 00 00 00 00 00 00 00 00 00 00 00 00
RED 00 00 00 00 00 00 00 00 00 00 00 00
//MODE1 BAND5
R9F 0A
RD0 00 00 00 00 00 00 00
RD1 00 15
RD2 00 00 03 FF 07 FF 0F FF 17 FF 1F FF
RD3 00 00 00 00 00 00 00 00 00 00 00 00 00 00 00 00 00 00 00 00 00 00 00 00 00 00 00 00 00 00 00 00 00 00 00 00 00 00 00 00 00
RD4 00 00 00 00 00 00 00 00 00 00 00 00 00 00 00 00 00 00 00 00 00 00 00 00 00 00 00 00 00 00 00 00 00 00 00 00 00 00 00 00 00
RD5 00 00 00 00 00 00 00 00 00 00 00 00 00 00 00 00 00 00 00 00 00 00 00 00 00 00 00 00 00 00 00 00 00 00 00 00 00 00 00 00 00
RD6 00 00 00 00 00 00 00 00 00 00 00 00 00 00 00 00 00 00 00 00 00 00 00 00 00 00 00
RD7 00 00 00 00 00 00 00 00 00 00 00 00 00 00 00 00 00 00 00 00 00 00 00 00 00 00 00
RD8 00 00 00 00 00 00 00 00 00 00 00 00 00 00 00 00 00 00 00 00 00 00 00 00 00 00 00
RD9 00 00 00 00 00 00 00 00 00 00 00 00 00 00 00 00 00 00 00 00 00 00 00 00 00 00 00
RDD 00 00 00 00 00 00 00 00 00 00 00 00 00 00 00 00 00 00 00 00 00 00 00 00 00 00 00
RDE 00 00 00 00 00 00 00 00 00 00 00 00 00 00 00 00 00 00 00 00 00 00 00 00 00 00 00
RDF 00 00 00 00 00 00 00 00 00 00 00 00 00 00 00 00 00 00 00 00 00 00 00 00 00 00 00
RE0 00 00 00 00 00 00 00 00 00 00 00 00 00 00 00 00 00 00 00 00 00 00 00 00 00 00 00
RE1 00 00 00 00 00 00 00 00 00 00 00 00 00 00 00 00 00 00 00 00 00 00 00 00 00 00 00
RE2 00 00 00 00 00 00 00 00 00 00 00 00 00 00 00 00 00 00
RE3 00 00 00 00 00 00 00 00 00 00 00 00 00 00 00 00 00 00
RE4 00 00 00 00 00 00 00 00 00 00 00 00 00 00 00 00 00 00
RE5 00 00 00 00 00 00 00 00 00 00 00 00 00 00 00 00 00 00
RE6 00 00 00 00 00 00 00 00 00 00 00 00 00 00 00 00 00 00
RE7 00 00 00 00 00 00 00 00 00 00 00 00 00 00 00 00 00 00
RE8 00 00 00 00 00 00 00 00 00 00 00 00 00 00 00 00 00 00
RE9 00 00 00 00 00 00 00 00 00 00 00 00 00 00 00 00 00 00
REA 00 00 00 00 00 00 00 00 00 00 00 00 00 00 00 00 00 00
REB 00 00 00 00 00 00 00 00 00 00 00 00
REC 00 00 00 00 00 00 00 00 00 00 00 00
RED 00 00 00 00 00 00 00 00 00 00 00 00
//MODE2 BAND0
R9F 0A
RD0 00 00 00 00 00 00 00
RD1 00 20
RD2 00 00 03 FF 07 FF 0F FF 17 FF 1F FF
RD3 00 00 00 00 00 00 00 00 00 00 00 00 00 00 00 00 00 00 00 00 00 00 00 00 00 00 00 00 00 00 00 00 00 00 00 00 00 00 00 00 00
RD4 00 00 00 00 00 00 00 00 00 00 00 00 00 00 00 00 00 00 00 00 00 00 00 00 00 00 00 00 00 00 00 00 00 00 00 00 00 00 00 00 00
RD5 00 00 00 00 00 00 00 00 00 00 00 00 00 00 00 00 00 00 00 00 00 00 00 00 00 00 00 00 00 00 00 00 00 00 00 00 00 00 00 00 00
RD6 00 00 00 00 00 00 00 00 00 00 00 00 00 00 00 00 00 00 00 00 00 00 00 00 00 00 00
RD7 00 00 00 00 00 00 00 00 00 00 00 00 00 00 00 00 00 00 00 00 00 00 00 00 00 00 00
RD8 00 00 00 00 00 00 00 00 00 00 00 00 00 00 00 00 00 00 00 00 00 00 00 00 00 00 00
RD9 00 00 00 00 00 00 00 00 00 00 00 00 00 00 00 00 00 00 00 00 00 00 00 00 00 00 00
RDD 00 00 00 00 00 00 00 00 00 00 00 00 00 00 00 00 00 00 00 00 00 00 00 00 00 00 00
RDE 00 00 00 00 00 00 00 00 00 00 00 00 00 00 00 00 00 00 00 00 00 00 00 00 00 00 00
RDF 00 00 00 00 00 00 00 00 00 00 00 00 00 00 00 00 00 00 00 00 00 00 00 00 00 00 00
RE0 00 00 00 00 00 00 00 00 00 00 00 00 00 00 00 00 00 00 00 00 00 00 00 00 00 00 00
RE1 00 00 00 00 00 00 00 00 00 00 00 00 00 00 00 00 00 00 00 00 00 00 00 00 00 00 00
RE2 00 00 00 00 00 00 00 00 00 00 00 00 00 00 00 00 00 00
RE3 00 00 00 00 00 00 00 00 00 00 00 00 00 00 00 00 00 00
RE4 00 00 00 00 00 00 00 00 00 00 00 00 00 00 00 00 00 00
RE5 00 00 00 00 00 00 00 00 00 00 00 00 00 00 00 00 00 00
RE6 00 00 00 00 00 00 00 00 00 00 00 00 00 00 00 00 00 00
RE7 00 00 00 00 00 00 00 00 00 00 00 00 00 00 00 00 00 00
RE8 00 00 00 00 00 00 00 00 00 00 00 00 00 00 00 00 00 00
RE9 00 00 00 00 00 00 00 00 00 00 00 00 00 00 00 00 00 00
REA 00 00 00 00 00 00 00 00 00 00 00 00 00 00 00 00 00 00
REB 00 00 00 00 00 00 00 00 00 00 00 00
REC 00 00 00 00 00 00 00 00 00 00 00 00
RED 00 00 00 00 00 00 00 00 00 00 00 00
//MODE2 BAND1
R9F 0A
RD0 00 00 00 00 00 00 00
RD1 00 21
RD2 00 00 03 FF 07 FF 0F FF 17 FF 1F FF
RD3 00 00 00 00 00 00 00 00 00 00 00 00 00 00 00 00 00 00 00 00 00 00 00 00 00 00 00 00 00 00 00 00 00 00 00 00 00 00 00 00 00
RD4 00 00 00 00 00 00 00 00 00 00 00 00 00 00 00 00 00 00 00 00 00 00 00 00 00 00 00 00 00 00 00 00 00 00 00 00 00 00 00 00 00
RD5 00 00 00 00 00 00 00 00 00 00 00 00 00 00 00 00 00 00 00 00 00 00 00 00 00 00 00 00 00 00 00 00 00 00 00 00 00 00 00 00 00
RD6 00 00 00 00 00 00 00 00 00 00 00 00 00 00 00 00 00 00 00 00 00 00 00 00 00 00 00
RD7 00 00 00 00 00 00 00 00 00 00 00 00 00 00 00 00 00 00 00 00 00 00 00 00 00 00 00
RD8 00 00 00 00 00 00 00 00 00 00 00 00 00 00 00 00 00 00 00 00 00 00 00 00 00 00 00
RD9 00 00 00 00 00 00 00 00 00 00 00 00 00 00 00 00 00 00 00 00 00 00 00 00 00 00 00
RDD 00 00 00 00 00 00 00 00 00 00 00 00 00 00 00 00 00 00 00 00 00 00 00 00 00 00 00
RDE 00 00 00 00 00 00 00 00 00 00 00 00 00 00 00 00 00 00 00 00 00 00 00 00 00 00 00
RDF 00 00 00 00 00 00 00 00 00 00 00 00 00 00 00 00 00 00 00 00 00 00 00 00 00 00 00
RE0 00 00 00 00 00 00 00 00 00 00 00 00 00 00 00 00 00 00 00 00 00 00 00 00 00 00 00
RE1 00 00 00 00 00 00 00 00 00 00 00 00 00 00 00 00 00 00 00 00 00 00 00 00 00 00 00
RE2 00 00 00 00 00 00 00 00 00 00 00 00 00 00 00 00 00 00
RE3 00 00 00 00 00 00 00 00 00 00 00 00 00 00 00 00 00 00
RE4 00 00 00 00 00 00 00 00 00 00 00 00 00 00 00 00 00 00
RE5 00 00 00 00 00 00 00 00 00 00 00 00 00 00 00 00 00 00
RE6 00 00 00 00 00 00 00 00 00 00 00 00 00 00 00 00 00 00
RE7 00 00 00 00 00 00 00 00 00 00 00 00 00 00 00 00 00 00
RE8 00 00 00 00 00 00 00 00 00 00 00 00 00 00 00 00 00 00
RE9 00 00 00 00 00 00 00 00 00 00 00 00 00 00 00 00 00 00
REA 00 00 00 00 00 00 00 00 00 00 00 00 00 00 00 00 00 00
REB 00 00 00 00 00 00 00 00 00 00 00 00
REC 00 00 00 00 00 00 00 00 00 00 00 00
RED 00 00 00 00 00 00 00 00 00 00 00 00
//MODE2 BAND2
R9F 0A
RD0 00 00 00 00 00 00 00
RD1 00 22
RD2 00 00 03 FF 07 FF 0F FF 17 FF 1F FF
RD3 00 00 00 00 00 00 00 00 00 00 00 00 00 00 00 00 00 00 00 00 00 00 00 00 00 00 00 00 00 00 00 00 00 00 00 00 00 00 00 00 00
RD4 00 00 00 00 00 00 00 00 00 00 00 00 00 00 00 00 00 00 00 00 00 00 00 00 00 00 00 00 00 00 00 00 00 00 00 00 00 00 00 00 00
RD5 00 00 00 00 00 00 00 00 00 00 00 00 00 00 00 00 00 00 00 00 00 00 00 00 00 00 00 00 00 00 00 00 00 00 00 00 00 00 00 00 00
RD6 00 00 00 00 00 00 00 00 00 00 00 00 00 00 00 00 00 00 00 00 00 00 00 00 00 00 00
RD7 00 00 00 00 00 00 00 00 00 00 00 00 00 00 00 00 00 00 00 00 00 00 00 00 00 00 00
RD8 00 00 00 00 00 00 00 00 00 00 00 00 00 00 00 00 00 00 00 00 00 00 00 00 00 00 00
RD9 00 00 00 00 00 00 00 00 00 00 00 00 00 00 00 00 00 00 00 00 00 00 00 00 00 00 00
RDD 00 00 00 00 00 00 00 00 00 00 00 00 00 00 00 00 00 00 00 00 00 00 00 00 00 00 00
RDE 00 00 00 00 00 00 00 00 00 00 00 00 00 00 00 00 00 00 00 00 00 00 00 00 00 00 00
RDF 00 00 00 00 00 00 00 00 00 00 00 00 00 00 00 00 00 00 00 00 00 00 00 00 00 00 00
RE0 00 00 00 00 00 00 00 00 00 00 00 00 00 00 00 00 00 00 00 00 00 00 00 00 00 00 00
RE1 00 00 00 00 00 00 00 00 00 00 00 00 00 00 00 00 00 00 00 00 00 00 00 00 00 00 00
RE2 00 00 00 00 00 00 00 00 00 00 00 00 00 00 00 00 00 00
RE3 00 00 00 00 00 00 00 00 00 00 00 00 00 00 00 00 00 00
RE4 00 00 00 00 00 00 00 00 00 00 00 00 00 00 00 00 00 00
RE5 00 00 00 00 00 00 00 00 00 00 00 00 00 00 00 00 00 00
RE6 00 00 00 00 00 00 00 00 00 00 00 00 00 00 00 00 00 00
RE7 00 00 00 00 00 00 00 00 00 00 00 00 00 00 00 00 00 00
RE8 00 00 00 00 00 00 00 00 00 00 00 00 00 00 00 00 00 00
RE9 00 00 00 00 00 00 00 00 00 00 00 00 00 00 00 00 00 00
REA 00 00 00 00 00 00 00 00 00 00 00 00 00 00 00 00 00 00
REB 00 00 00 00 00 00 00 00 00 00 00 00
REC 00 00 00 00 00 00 00 00 00 00 00 00
RED 00 00 00 00 00 00 00 00 00 00 00 00
//MODE2 BAND3
R9F 0A
RD0 00 00 00 00 00 00 00
RD1 00 23
RD2 00 00 03 FF 07 FF 0F FF 17 FF 1F FF
RD3 00 00 00 00 00 00 00 00 00 00 00 00 00 00 00 00 00 00 00 00 00 00 00 00 00 00 00 00 00 00 00 00 00 00 00 00 00 00 00 00 00
RD4 00 00 00 00 00 00 00 00 00 00 00 00 00 00 00 00 00 00 00 00 00 00 00 00 00 00 00 00 00 00 00 00 00 00 00 00 00 00 00 00 00
RD5 00 00 00 00 00 00 00 00 00 00 00 00 00 00 00 00 00 00 00 00 00 00 00 00 00 00 00 00 00 00 00 00 00 00 00 00 00 00 00 00 00
RD6 00 00 00 00 00 00 00 00 00 00 00 00 00 00 00 00 00 00 00 00 00 00 00 00 00 00 00
RD7 00 00 00 00 00 00 00 00 00 00 00 00 00 00 00 00 00 00 00 00 00 00 00 00 00 00 00
RD8 00 00 00 00 00 00 00 00 00 00 00 00 00 00 00 00 00 00 00 00 00 00 00 00 00 00 00
RD9 00 00 00 00 00 00 00 00 00 00 00 00 00 00 00 00 00 00 00 00 00 00 00 00 00 00 00
RDD 00 00 00 00 00 00 00 00 00 00 00 00 00 00 00 00 00 00 00 00 00 00 00 00 00 00 00
RDE 00 00 00 00 00 00 00 00 00 00 00 00 00 00 00 00 00 00 00 00 00 00 00 00 00 00 00
RDF 00 00 00 00 00 00 00 00 00 00 00 00 00 00 00 00 00 00 00 00 00 00 00 00 00 00 00
RE0 00 00 00 00 00 00 00 00 00 00 00 00 00 00 00 00 00 00 00 00 00 00 00 00 00 00 00
RE1 00 00 00 00 00 00 00 00 00 00 00 00 00 00 00 00 00 00 00 00 00 00 00 00 00 00 00
RE2 00 00 00 00 00 00 00 00 00 00 00 00 00 00 00 00 00 00
RE3 00 00 00 00 00 00 00 00 00 00 00 00 00 00 00 00 00 00
RE4 00 00 00 00 00 00 00 00 00 00 00 00 00 00 00 00 00 00
RE5 00 00 00 00 00 00 00 00 00 00 00 00 00 00 00 00 00 00
RE6 00 00 00 00 00 00 00 00 00 00 00 00 00 00 00 00 00 00
RE7 00 00 00 00 00 00 00 00 00 00 00 00 00 00 00 00 00 00
RE8 00 00 00 00 00 00 00 00 00 00 00 00 00 00 00 00 00 00
RE9 00 00 00 00 00 00 00 00 00 00 00 00 00 00 00 00 00 00
REA 00 00 00 00 00 00 00 00 00 00 00 00 00 00 00 00 00 00
REB 00 00 00 00 00 00 00 00 00 00 00 00
REC 00 00 00 00 00 00 00 00 00 00 00 00
RED 00 00 00 00 00 00 00 00 00 00 00 00
//MODE2 BAND4
R9F 0A
RD0 00 00 00 00 00 00 00
RD1 00 24
RD2 00 00 03 FF 07 FF 0F FF 17 FF 1F FF
RD3 00 00 00 00 00 00 00 00 00 00 00 00 00 00 00 00 00 00 00 00 00 00 00 00 00 00 00 00 00 00 00 00 00 00 00 00 00 00 00 00 00
RD4 00 00 00 00 00 00 00 00 00 00 00 00 00 00 00 00 00 00 00 00 00 00 00 00 00 00 00 00 00 00 00 00 00 00 00 00 00 00 00 00 00
RD5 00 00 00 00 00 00 00 00 00 00 00 00 00 00 00 00 00 00 00 00 00 00 00 00 00 00 00 00 00 00 00 00 00 00 00 00 00 00 00 00 00
RD6 00 00 00 00 00 00 00 00 00 00 00 00 00 00 00 00 00 00 00 00 00 00 00 00 00 00 00
RD7 00 00 00 00 00 00 00 00 00 00 00 00 00 00 00 00 00 00 00 00 00 00 00 00 00 00 00
RD8 00 00 00 00 00 00 00 00 00 00 00 00 00 00 00 00 00 00 00 00 00 00 00 00 00 00 00
RD9 00 00 00 00 00 00 00 00 00 00 00 00 00 00 00 00 00 00 00 00 00 00 00 00 00 00 00
RDD 00 00 00 00 00 00 00 00 00 00 00 00 00 00 00 00 00 00 00 00 00 00 00 00 00 00 00
RDE 00 00 00 00 00 00 00 00 00 00 00 00 00 00 00 00 00 00 00 00 00 00 00 00 00 00 00
RDF 00 00 00 00 00 00 00 00 00 00 00 00 00 00 00 00 00 00 00 00 00 00 00 00 00 00 00
RE0 00 00 00 00 00 00 00 00 00 00 00 00 00 00 00 00 00 00 00 00 00 00 00 00 00 00 00
RE1 00 00 00 00 00 00 00 00 00 00 00 00 00 00 00 00 00 00 00 00 00 00 00 00 00 00 00
RE2 00 00 00 00 00 00 00 00 00 00 00 00 00 00 00 00 00 00
RE3 00 00 00 00 00 00 00 00 00 00 00 00 00 00 00 00 00 00
RE4 00 00 00 00 00 00 00 00 00 00 00 00 00 00 00 00 00 00
RE5 00 00 00 00 00 00 00 00 00 00 00 00 00 00 00 00 00 00
RE6 00 00 00 00 00 00 00 00 00 00 00 00 00 00 00 00 00 00
RE7 00 00 00 00 00 00 00 00 00 00 00 00 00 00 00 00 00 00
RE8 00 00 00 00 00 00 00 00 00 00 00 00 00 00 00 00 00 00
RE9 00 00 00 00 00 00 00 00 00 00 00 00 00 00 00 00 00 00
REA 00 00 00 00 00 00 00 00 00 00 00 00 00 00 00 00 00 00
REB 00 00 00 00 00 00 00 00 00 00 00 00
REC 00 00 00 00 00 00 00 00 00 00 00 00
RED 00 00 00 00 00 00 00 00 00 00 00 00
//MODE2 BAND5
R9F 0A
RD0 00 00 00 00 00 00 00
RD1 00 25
RD2 00 00 03 FF 07 FF 0F FF 17 FF 1F FF
RD3 00 00 00 00 00 00 00 00 00 00 00 00 00 00 00 00 00 00 00 00 00 00 00 00 00 00 00 00 00 00 00 00 00 00 00 00 00 00 00 00 00
RD4 00 00 00 00 00 00 00 00 00 00 00 00 00 00 00 00 00 00 00 00 00 00 00 00 00 00 00 00 00 00 00 00 00 00 00 00 00 00 00 00 00
RD5 00 00 00 00 00 00 00 00 00 00 00 00 00 00 00 00 00 00 00 00 00 00 00 00 00 00 00 00 00 00 00 00 00 00 00 00 00 00 00 00 00
RD6 00 00 00 00 00 00 00 00 00 00 00 00 00 00 00 00 00 00 00 00 00 00 00 00 00 00 00
RD7 00 00 00 00 00 00 00 00 00 00 00 00 00 00 00 00 00 00 00 00 00 00 00 00 00 00 00
RD8 00 00 00 00 00 00 00 00 00 00 00 00 00 00 00 00 00 00 00 00 00 00 00 00 00 00 00
RD9 00 00 00 00 00 00 00 00 00 00 00 00 00 00 00 00 00 00 00 00 00 00 00 00 00 00 00
RDD 00 00 00 00 00 00 00 00 00 00 00 00 00 00 00 00 00 00 00 00 00 00 00 00 00 00 00
RDE 00 00 00 00 00 00 00 00 00 00 00 00 00 00 00 00 00 00 00 00 00 00 00 00 00 00 00
RDF 00 00 00 00 00 00 00 00 00 00 00 00 00 00 00 00 00 00 00 00 00 00 00 00 00 00 00
RE0 00 00 00 00 00 00 00 00 00 00 00 00 00 00 00 00 00 00 00 00 00 00 00 00 00 00 00
RE1 00 00 00 00 00 00 00 00 00 00 00 00 00 00 00 00 00 00 00 00 00 00 00 00 00 00 00
RE2 00 00 00 00 00 00 00 00 00 00 00 00 00 00 00 00 00 00
RE3 00 00 00 00 00 00 00 00 00 00 00 00 00 00 00 00 00 00
RE4 00 00 00 00 00 00 00 00 00 00 00 00 00 00 00 00 00 00
RE5 00 00 00 00 00 00 00 00 00 00 00 00 00 00 00 00 00 00
RE6 00 00 00 00 00 00 00 00 00 00 00 00 00 00 00 00 00 00
RE7 00 00 00 00 00 00 00 00 00 00 00 00 00 00 00 00 00 00
RE8 00 00 00 00 00 00 00 00 00 00 00 00 00 00 00 00 00 00
RE9 00 00 00 00 00 00 00 00 00 00 00 00 00 00 00 00 00 00
REA 00 00 00 00 00 00 00 00 00 00 00 00 00 00 00 00 00 00
REB 00 00 00 00 00 00 00 00 00 00 00 00
REC 00 00 00 00 00 00 00 00 00 00 00 00
RED 00 00 00 00 00 00 00 00 00 00 00 00
